1110.11 1109.64 1110.11 1109.64
1489.86 1497.46 1489.86 1497.46
7257.12 18150.6 7257.12 18150.6
529.237 527.071 529.237 527.071
452.852 451.388 452.852 451.388
466.928 465.526 466.928 465.526
414.475 413.307 414.475 413.307
2338.01 2305.27 2338.01 2305.27
2517.93 2426.6 2517.93 2426.6
963.806 962.747 963.806 962.747
1866.42 1830.71 1866.42 1830.71
687.471 687.651 687.471 687.651
668.537 668.881 668.537 668.881
671.551 671.838 671.551 671.838
671.237 671.228 671.237 671.228
702.389 702.129 702.389 702.129
724.33 724.099 724.33 724.099
710.6 710.346 710.6 710.346
710.777 710.519 710.777 710.519
715.106 714.817 715.106 714.817
715.795 715.527 715.795 715.527
714.272 714.012 714.272 714.012
715.016 714.84 715.016 714.84
715.202 715.041 715.202 715.041
714.762 714.579 714.762 714.579
714.665 714.455 714.665 714.455
714.824 714.617 714.824 714.617
715.248 715.115 715.248 715.115
714.703 714.58 714.703 714.58
714.587 714.544 714.587 714.544
714.525 714.497 714.525 714.497
714.407 714.355 714.407 714.355
713.888 713.831 713.888 713.831
713.827 713.794 713.827 713.794
712.647 712.564 712.647 712.564
712.758 712.689 712.758 712.689
712.632 712.56 712.632 712.56
712.579 712.516 712.579 712.516
712.818 712.774 712.818 712.774
714.219 714.056 714.219 714.056
713.288 713.21 713.288 713.21
